ORIGINAL ARRAY:
var confs = [
            [0,0,1,1,1,0,0,0,0,1,0,1,0,0,1,0,1,0,0,0],  //1
            [0,0,1,0,0,0,1,1,1,0,1,0,0,0,1,0,0,0,0,1],
            [1,0,0,0,1,1,0,1,0,1,1,0,1,0,0,0,0,0,0,0],
            [0,0,0,1,0,1,1,1,0,0,1,1,0,1,1,1,0,0,0,0],
            [1,1,1,1,0,1,1,0,1,1,1,1,0,1,0,0,1,0,0,1],  //5
            [0,0,0,0,0,1,1,1,0,0,1,1,0,0,1,1,0,1,0,0],
            [1,1,0,0,1,1,0,1,0,0,1,0,0,0,1,0,0,0,0,1],
            [1,1,1,0,1,0,1,0,1,1,1,1,1,1,0,1,1,0,0,1],
            [1,0,1,0,1,0,0,0,1,0,0,0,0,0,1,0,1,1,0,0],
            [0,1,0,0,0,1,0,0,0,0,0,1,0,0,0,0,1,1,1,0],  //10
            [0,1,1,0,0,0,0,1,0,0,1,0,1,1,0,0,0,0,1,0],
            [0,0,0,0,0,0,1,0,1,0,0,1,0,0,0,1,0,1,0,0],
            [1,1,0,1,0,0,0,1,1,0,1,1,1,0,0,1,0,1,1,0],
            [1,0,0,1,1,0,1,0,1,0,1,0,0,0,0,1,0,0,0,0],
            [1,1,1,0,0,0,0,0,0,0,0,0,1,0,1,0,0,1,1,0],  //15
            [0,1,0,0,0,0,1,1,0,0,0,0,0,1,0,1,1,0,1,0],
            [0,0,0,0,1,1,0,0,0,1,0,0,1,0,0,1,0,0,1,1],
            [0,1,1,1,0,0,0,0,0,1,0,1,0,0,0,0,1,1,0,0],
            [1,0,0,0,0,0,0,0,0,0,0,0,0,0,1,1,1,1,0,0],
            [0,1,0,0,0,1,1,0,1,1,0,1,0,1,0,0,0,1,1,1],  //20
            [0,0,1,0,0,1,1,0,1,0,0,1,1,1,1,1,1,1,0,0],
            [1,0,0,1,1,1,0,0,0,1,1,1,1,1,1,0,1,0,1,1],
            [1,0,1,1,0,0,1,1,0,1,0,0,1,1,1,1,1,0,0,0],
            [0,0,0,1,1,0,0,0,1,0,0,1,1,1,0,0,1,0,0,0],
            [1,1,0,1,0,1,1,0,0,0,1,0,1,0,1,1,1,0,0,0],  //25
            [1,0,1,0,1,1,0,1,0,0,0,0,0,0,0,1,0,0,0,0],
            [0,0,0,0,1,0,1,1,1,1,1,0,1,0,0,1,1,1,0,0],
            [1,0,1,1,1,0,1,1,0,0,1,0,0,0,0,1,1,1,1,0],
            [0,0,1,0,0,1,0,1,1,1,1,0,0,1,0,0,0,0,1,1],
            [0,1,0,1,0,1,1,1,1,0,0,1,1,1,0,0,0,0,0,0],  //30
            [0,1,0,0,1,0,1,0,0,1,1,0,1,0,0,0,0,1,0,1],
            [0,0,1,0,0,0,0,1,1,0,0,0,1,0,1,0,1,0,1,1],
            [0,0,1,0,1,1,0,1,0,0,0,0,0,1,0,1,0,1,1,0],
            [0,0,0,1,0,0,0,0,1,1,1,0,1,0,0,0,0,1,0,1],
            [1,1,1,1,0,0,0,1,0,0,0,0,0,1,1,1,0,1,0,1],  //35
            [0,1,1,1,0,0,0,1,0,1,0,1,1,0,1,0,1,1,0,0],
            [0,1,1,0,1,0,0,1,0,1,1,1,1,0,0,1,1,0,0,1],
            [0,0,1,1,0,0,0,0,0,0,0,1,1,0,1,0,1,0,1,1],
            [0,0,0,0,0,1,0,0,0,1,0,1,0,0,1,1,0,0,1,0],
            [0,0,0,0,0,1,1,0,0,1,1,1,1,1,1,0,0,0,0,0],  //40
            [1,0,0,0,1,0,1,1,0,0,1,0,0,0,1,0,1,0,1,0],
            [0,0,1,0,0,0,0,0,0,0,1,0,0,0,1,1,1,1,1,0],
            [1,0,1,0,0,0,1,0,1,0,0,1,1,1,1,0,1,0,0,1],
            [0,1,0,0,0,1,0,0,1,0,0,0,1,1,1,1,0,1,0,0],
        ];

TRAINING CONFS:
[0,0,1,0,1,0,0,0,0,1,1,0,0,0,0,0,0,0,0,0],
[0,0,1,1,0,0,0,1,0,0,1,0,0,0,0,0,0,0,0,0],
[1,1,0,1,0,0,0,1,1,0,1,1,1,0,0,1,0,1,1,0]


6 LINE STIMULI: 
[0,1,1,0,0,0,0,1,0,0,1,0,1,1,0,0,0,0,1,0],
[1,0,1,0,1,1,0,1,0,0,0,0,0,0,0,1,0,0,0,0]

7 LINE STIMULI:
[0,0,1,1,1,0,0,0,0,1,0,1,0,0,1,0,1,0,0,0],
[0,0,0,0,1,1,0,0,0,1,0,0,1,0,0,1,0,0,1,1],
[1,1,0,1,0,1,1,0,0,0,1,0,1,0,1,1,1,0,0,0]

8 LINE STIMULI:
[0,0,0,0,0,1,1,1,0,0,1,1,0,0,1,1,0,1,0,0],
[0,1,0,0,1,0,1,0,0,1,1,0,1,0,0,0,0,1,0,1],
[0,0,1,0,1,1,0,1,0,0,0,0,0,1,0,1,0,1,1,0],

9 LINE STIMULI:
[0,0,0,1,0,1,1,1,0,0,1,1,0,1,1,1,0,0,0,0],
[0,0,1,0,0,1,0,1,1,1,1,0,0,1,0,0,0,0,1,1],
[0,1,0,1,0,1,1,1,1,0,0,1,1,1,0,0,0,0,0,0],

10 LINE STIMULI:
[1,1,1,1,0,0,0,1,0,0,0,0,0,1,1,1,0,1,0,1],
[0,1,1,1,0,0,0,1,0,1,0,1,1,0,1,0,1,1,0,0],
[1,0,1,0,0,0,1,0,1,0,0,1,1,1,1,0,1,0,0,1],

11 LINE STIMULI:
[0,0,0,1,1,0,0,0,1,0,0,1,1,1,0,0,1,0,0,0],
[1,0,1,1,1,0,1,1,0,0,1,0,0,0,0,1,1,1,1,0],
[0,1,1,0,1,0,0,1,0,1,1,1,1,0,0,1,1,0,0,1]